		
/Aircoookie/WLED/	[2282, 2281, 2280, 2278, 2275, 2274, 2272, 2271, 2270, 2268, 2266, 2265, 2263, 2258, 2256, 2253, 2252, 2242, 2240, 2239, 2238, 2237, 2233, 2232, 2228, 2224, 2223, 2222, 2221, 2210]	{'question', 'bug', 'enhancement'}
/AliceO2Group/AliceO2/	[7341, 7340, 7339, 7338, 7337, 7333, 7321, 7313, 7311, 7306, 7296, 7290, 7289, 7287, 7264, 7220, 7199, 7185, 7178, 7171, 7160, 7131, 7111, 7110, 7099, 7088, 7031, 7010, 7000, 6915]	set()
/alisw/AliPhysics/	[18691, 18684, 18683, 18681, 18663, 18641, 18614, 18580, 18357, 18285, 18100, 18053, 17231]	set()
/alisw/AliRoot/	[1393, 1392, 1391, 1390, 1358, 1340, 1319, 1181]	set()
/apache/arrow/	[11444, 11443, 11441, 11440, 11439, 11438, 11436, 11435, 11434, 11433, 11432, 11431, 11430, 11427, 11426, 11425, 11420, 11415, 11414, 11408, 11406, 11403, 11402, 11399, 11390, 11387, 11385, 11384, 11383, 11378]	set()
/apache/incubator-mxnet/	[20671, 20670, 20669, 20667, 20666, 20665, 20664, 20663, 20662, 20659, 20657, 20656, 20655, 20652, 20651, 20648, 20647, 20646, 20639, 20636, 20635, 20633, 20632, 20625, 20624, 20621, 20620, 20619, 20618, 20616]	{'Bug', 'Licenses', 'Feature request', 'pr-awaiting-review', 'needs triage', 'pr-work-in-progress', 'RFC'}
/AppImage/libappimage/	[157, 156, 155, 154, 149, 145, 140, 139, 138, 137, 136, 135, 131, 129, 126, 122, 120, 116, 114, 107, 103, 99, 96, 80, 79, 76, 65, 63, 59, 52]	set()
/apple/swift/	[39798, 39797, 39796, 39795, 39793, 39792, 39789, 39788, 39786, 39784, 39781, 39777, 39776, 39773, 39771, 39769, 39767, 39765, 39762, 39760, 39755, 39753, 39745, 39744, 39740, 39727, 39726, 39723, 39718, 39717]	set()
/ArduPilot/ardupilot/	[18961, 18960, 18959, 18958, 18957, 18955, 18954, 18953, 18952, 18951, 18950, 18949, 18948, 18946, 18945, 18944, 18942, 18941, 18940, 18939, 18938, 18937, 18935, 18933, 18932, 18931, 18929, 18928, 18927, 18921]	set()
/ariya/phantomjs/	[15466, 15465, 15414, 15354, 15344, 15343, 14548, 14543, 14541, 13861, 13019, 10612]	set()
/arrayfire/arrayfire/	[3174, 3165, 3160, 3148, 3147, 3144, 3134, 3132, 3115, 3113, 3099, 3085, 3080, 3077, 3067, 3056, 3042, 3034, 3031, 3026, 3021, 3020, 3017, 3014, 3011, 3006, 3005, 2995, 2978, 2937]	{'question', 'duplicate', 'examples', 'build', 'release', 'improvement', 'bug', 'fix', 'feature', 'perf'}
/BadgerTechnologies/badger_amcl/	[]	set()
/Beep6581/RawTherapee/	[6373, 6371, 6369, 6368, 6367, 6363, 6362, 6361, 6360, 6359, 6358, 6357, 6356, 6351, 6338, 6336, 6335, 6329, 6327, 6325, 6323, 6319, 6318, 6315, 6314, 6312, 6308, 6307, 6304, 6299]	set()
/bitcoin/bitcoin/	[23297, 23296, 23293, 23289, 23288, 23287, 23285, 23282, 23281, 23280, 23279, 23277, 23276, 23271, 23267, 23264, 23259, 23258, 23254, 23249, 23247, 23246, 23234, 23233, 23226, 23225, 23223, 23219, 23218, 23217]	{'Wallet', 'Docs', 'Feature', 'Tests', 'GUI'}
/BlueBrain/libsonata/	[163, 158, 157, 155, 153, 152, 149, 143, 141, 140, 136, 115, 105, 95, 84, 76, 40, 9, 4, 3, 2, 1]	set()
/B-Minus-Programmers/jojibrush/	[]	set()
/bmwcarit/MoCOCrW/	[]	set()
/boostorg/ublas/	[135, 129, 128, 126, 125, 124, 123, 122, 121, 120, 119, 118, 117, 116, 112, 111, 108, 106, 105, 104, 99, 94, 84, 82, 77, 75, 74, 73, 68, 67]	set()
/brave/brave-core/	[10566, 10565, 10563, 10562, 10559, 10558, 10557, 10551, 10543, 10542, 10540, 10537, 10534, 10525, 10523, 10522, 10519, 10499, 10493, 10482, 10479, 10467, 10466, 10465, 10460, 10455, 10453, 10414, 10389, 10375]	set()
/btc1/bitcoin/	[]	set()
/buildaworldnet/IrrlichtBAW/	[445, 367, 363, 352, 351, 343, 336, 332, 311, 298, 269, 229, 226, 216, 215, 214, 209, 197, 196, 179, 173, 140, 118, 112, 97, 91, 88, 78, 75, 53]	set()
/BVLC/caffe/	[7021, 7020, 7019, 7018, 7017, 7016, 7015, 7014, 7013, 7012, 7011, 7010, 7009, 7008, 7007, 7006, 7005, 7004, 7003, 7002, 7001, 7000, 6998, 6997, 6996, 6995, 6994, 6993, 6992, 6991]	set()
/cagnulein/qdomyos-zwift/	[455, 454, 453, 452, 449, 448, 446, 442, 441, 437, 435, 434, 430, 429, 427, 426, 423, 422, 421, 420, 417, 414, 413, 408, 405, 404, 397, 388, 380, 378]	{'snode', 'rower', 'ViaFit', 'Wahoo', 'proform bike', 'ifit', 'echelon', 'settings', 'UI', 'enhancement', 'bike', 'echelon connect sport', 'sole', 'chronos', 'heart', 'treadmill', 'bug', 'serial port', 'WiFi'}
/camsas/firmament/	[77, 76, 75, 74, 72, 71, 70, 69, 66, 65, 64, 58, 56, 55, 54, 49, 47, 44, 41, 30, 26, 25, 24, 18, 5]	set()
/Cantera/cantera/	[1122, 1121, 1117, 1116, 1114, 1112, 1111, 1101, 1099, 1098, 1093, 1092, 1089, 1082, 1079, 1078, 1075, 1072, 1070, 1068, 1053, 1051, 1040, 1038, 1029, 1023, 1021, 1019, 1013, 1010]	set()
/CartoonFan/mame/	[21, 20, 19, 18, 1]	{'🔍 Ready for Review', ':arrow_heading_down: pull', 'depfu', 'merge-conflict'}
/CartoonFan/scummvm/	[53, 52, 51, 1]	{'🔍 Ready for Review', ':arrow_heading_down: pull', 'merge-conflict'}
/cellml/libcellml/	[969, 968, 962, 956, 954, 953, 949, 945, 942, 940, 939, 937, 936, 935, 934, 933, 932, 931, 930, 929, 928, 925, 922, 916, 915, 914, 912, 911, 909, 908]	set()
/ceph/ceph/	[43574, 43573, 43572, 43570, 43569, 43568, 43567, 43566, 43565, 43564, 43563, 43562, 43561, 43560, 43559, 43557, 43556, 43553, 43552, 43551, 43550, 43549, 43548, 43547, 43546, 43545, 43544, 43543, 43542, 43541]	{'pacific-batch-1', 'core', 'wip-sage2-testing', 'wip-yuri4-testing', 'ceph-volume', 'needs-qa', 'documentation', 'crimson', 'pybind', 'api-change', 'backport:no-conflicts', 'common', 'cephfs', 'needs-rebase', 'dashboard', 'orchestrator', 'tests', 'needs-review', 'bug fix', 'rbd', 'wip-sage-testing', 'rook', 'telemetry', 'cephadm', 'build/ops', 'rgw'}
/citra-emu/citra/	[5868, 5867, 5866, 5865, 5861, 5860, 5859, 5858, 5856, 5854, 5853, 5852, 5851, 5850, 5849, 5847, 5846, 5845, 5843, 5835, 5833, 5827, 5826, 5825, 5824, 5822, 5821, 5819, 5816, 5813]	set()
/ClickHouse/ClickHouse/	[30315, 30314, 30310, 30309, 30305, 30300, 30299, 30293, 30292, 30289, 30285, 30284, 30282, 30280, 30274, 30273, 30268, 30266, 30257, 30250, 30249, 30245, 30244, 30240, 30237, 30235, 30233, 30230, 30229, 30219]	{'pr-build', 'comp-local', 'comp-matview', 'do not test', 'question', 'hacktoberfest', 'pr-bugfix', 'potential bug', 'pr-backport', 'unexpected behaviour', 'st-hold', 'pr-performance', 'can be tested', 'feature', 'pr-cherrypick', 'release', 'usability', 'force tests', 'pr-must-backport', 'doc-alert', 'pr-improvement', 'pr-feature', 'pr-documentation', 'pr-not-for-changelog'}
/clsid2/mpc-hc/	[1356, 1354, 1349, 1340, 1324, 1307, 1306, 1292, 1291, 1285, 1280, 1273, 1269, 1265, 1264, 1257, 1248, 1244, 1240, 1238, 1230, 1221, 1220, 1217, 1194, 1174, 1134, 1120, 1106, 1097]	set()
/cms-sw/cmssw/	[35711, 35710, 35708, 35707, 35706, 35705, 35704, 35703, 35701, 35700, 35699, 35698, 35697, 35695, 35693, 35692, 35691, 35689, 35688, 35686, 35685, 35684, 35681, 35679, 35678, 35674, 35668, 35666, 35665, 35664]	{'hlt-approved', 'slc7_amd64_gcc900-installation-ok', 'reconstruction-pending', 'tests-approved', 'cc8_aarch64_gcc9-upload-ok', 'requires-external', 'hlt-pending', 'backport', 'pending-signatures', 'l1-pending', 'alca-pending', 'cc8_amd64_gcc9-installation-ok', 'geometry-pending', 'pdmv-pending', 'upgrade-pending', 'code-checks-approved', 'xpog-pending', 'cc8_ppc64le_gcc9-installation-ok', 'dqm-approved', 'core-pending', 'operations-pending', 'visualization-approved', 'release-build-request', 'simulation-pending', 'slc7_ppc64le_gcc9-installation-ok', 'analysis-pending', 'slc7_aarch64_gcc9-upload-ok', 'slc7_amd64_gcc10-installation-ok', 'generators-pending', 'release-notes-requested', 'release-announced', 'upgrade-approved', 'backport-ok', 'db-approved', 'code-checks-rejected', 'alca-approved', 'tests-pending', 'heterogeneous-pending', 'fully-signed', 'dqm-pending', 'orp-pending'}
/cmu-db/noisepage/	[1639, 1637, 1636, 1634, 1632, 1629, 1625, 1622, 1618, 1612, 1610, 1607, 1602, 1601, 1600, 1598, 1597, 1583, 1582, 1576, 1570, 1569, 1559, 1555, 1554, 1547, 1546, 1539, 1537, 1535]	set()
/cmu-db/peloton/	[1496, 1495, 1494, 1490, 1489, 1488, 1483, 1479, 1478, 1476, 1470, 1467, 1465, 1464, 1460, 1451, 1448, 1447, 1446, 1445, 1444, 1441, 1433, 1432, 1430, 1427, 1424, 1421, 1420, 1419]	set()
/ComputationalRadiationPhysics/picongpu/	[3871, 3870, 3868, 3864, 3862, 3861, 3860, 3859, 3850, 3847, 3846, 3841, 3838, 3834, 3833, 3826, 3816, 3811, 3808, 3807, 3804, 3799, 3796, 3790, 3789, 3787, 3786, 3778, 3774, 3735]	{'documentation', 'question', 'component: plugin', 'component: PMacc', 'component: tools', 'backend: cuda', 'install', 'bug', 'component: examples', 'component: user input', 'refactoring', 'component: third party', 'component: core'}
/cornell-zhang/heterocl/	[424, 419, 413, 412, 406, 405, 404, 402, 400, 396, 390, 389, 388, 387, 386, 384, 383, 382, 379, 375, 371, 362, 359, 353, 338, 335, 334, 328, 327, 325]	set()
/cortex-command-community/Cortex-Command-Community-Project-Source/	[377, 376, 374, 371, 368, 367, 366, 361, 360, 359, 353, 348, 347, 346, 344, 343, 340, 338, 334, 333, 331, 326, 325, 323, 321, 320, 318, 316, 315, 313]	{'bug'}
/cosmo-epfl/librascal/	[386, 385, 384, 383, 382, 380, 379, 378, 377, 376, 374, 370, 367, 366, 363, 362, 354, 353, 352, 351, 350, 349, 344, 343, 337, 336, 335, 332, 331, 330]	{'bug'}
/crosswalk-project/tizen-extensions-crosswalk/	[460]	set()
/darchr/gem5/	[236, 225, 224, 220, 219, 218, 217, 216, 213, 212, 210, 209, 208, 207, 206, 199, 193, 181, 176, 175, 171, 170, 167, 166, 164, 163, 162, 160, 159, 155]	set()
/dealii/dealii/	[12840, 12838, 12837, 12832, 12826, 12825, 12823, 12822, 12821, 12819, 12817, 12816, 12815, 12813, 12811, 12807, 12787, 12781, 12780, 12775, 12774, 12771, 12766, 12760, 12759, 12757, 12756, 12752, 12728, 12699]	{'Matrix-free', 'Triangulation', 'Bug', 'ready for review', 'Finite Element', 'Tutorials', 'WIP :warning:', 'Linear Algebra', 'External libraries', 'Enhancement', 'Quadrature', 'ready to test', 'GPU', 'Parallel distributed', 'Documentation'}
/dogecoin/dogecoin/	[2625, 2620, 2604, 2603, 2602, 2583, 2579, 2578, 2576, 2573, 2571, 2568, 2564, 2562, 2561, 2560, 2558, 2554, 2551, 2545, 2544, 2543, 2542, 2541, 2540, 2539, 2537, 2536, 2535, 2534]	{'bug'}
/doitsujin/dxvk/	[2336, 2335, 2334, 2328, 2326, 2319, 2306, 2303, 2302, 2299, 2294, 2291, 2283, 2281, 2280, 2278, 2271, 2267, 2266, 2253, 2249, 2240, 2239, 2237, 2229, 2210, 2205, 2203, 2199, 2195]	set()
/dolphin-emu/dolphin/	[10174, 10173, 10172, 10169, 10165, 10162, 10156, 10152, 10147, 10143, 10142, 10140, 10135, 10132, 10130, 10128, 10127, 10125, 10123, 10120, 10119, 10115, 10091, 10088, 10084, 10079, 10063, 10060, 10055, 10046]	set()
/dresden-elektronik/deconz-rest-plugin/	[5386, 5382, 5379, 5378, 5375, 5374, 5373, 5372, 5370, 5369, 5357, 5356, 5354, 5352, 5351, 5350, 5349, 5347, 5343, 5342, 5341, 5337, 5334, 5333, 5331, 5330, 5329, 5320, 5319, 5318]	{'Device Request', 'Incomplete issue'}
/eclipse-iceoryx/iceoryx/	[945, 944, 942, 938, 936, 929, 928, 927, 926, 921, 920, 919, 917, 915, 912, 911, 908, 907, 902, 898, 894, 890, 889, 881, 873, 871, 869, 861, 859, 857]	set()
/elishacloud/dxwrapper/	[137, 136, 135, 134, 131, 130, 129, 128, 127, 126, 125, 120, 119, 118, 117, 116, 113, 111, 110, 107, 106, 101, 100, 98, 97, 96, 95, 94, 91, 89]	set()
/endless-sky/endless-sky/	[6297, 6296, 6295, 6293, 6292, 6291, 6290, 6288, 6286, 6283, 6281, 6279, 6277, 6276, 6275, 6274, 6273, 6272, 6271, 6268, 6264, 6263, 6260, 6258, 6257, 6255, 6254, 6249, 6247, 6246]	set()
/envoyproxy/envoy/	[18657, 18656, 18655, 18654, 18653, 18652, 18651, 18650, 18649, 18647, 18646, 18645, 18643, 18642, 18640, 18639, 18637, 18636, 18635, 18633, 18631, 18630, 18629, 18628, 18627, 18624, 18623, 18622, 18621, 18620]	{'no stalebot', 'area/build', 'enhancement', 'triage', 'bug', 'dependencies'}
/eProsima/Fast-DDS/	[2273, 2271, 2270, 2269, 2267, 2262, 2261, 2258, 2256, 2255, 2254, 2253, 2252, 2251, 2250, 2249, 2248, 2247, 2246, 2245, 2244, 2241, 2240, 2239, 2237, 2236, 2235, 2234, 2233, 2226]	set()
/Ericsson/CodeCompass/	[540, 538, 535, 532, 530, 528, 519, 518, 517, 509, 507, 487, 485, 478, 475, 449, 441, 436, 435, 424, 421, 418, 413, 399, 388, 382, 369, 360, 350, 346]	{'Kind: Bug', 'Plugin: Git', 'Target: WebGUI'}
/esp8266/Arduino/	[8344, 8343, 8341, 8338, 8331, 8330, 8329, 8319, 8317, 8314, 8313, 8312, 8311, 8308, 8307, 8302, 8299, 8297, 8291, 8279, 8272, 8267, 8261, 8257, 8254, 8249, 8247, 8233, 8230, 8228]	set()
/Esri/arcgis-runtime-toolkit-qt/	[454, 453, 452, 450, 448, 420, 320]	{'enhancement'}
/ethereum/solidity/	[12158, 12157, 12156, 12154, 12153, 12152, 12151, 12150, 12149, 12147, 12146, 12145, 12144, 12142, 12141, 12139, 12137, 12136, 12132, 12130, 12129, 12127, 12121, 12119, 12118, 12113, 12112, 12107, 12104, 12103]	{'bug :bug:', 'should compile without error'}
/facebook/hhvm/	[8915, 8914, 8913, 8912, 8910, 8909, 8904, 8900, 8898, 8897, 8877, 8876, 8875, 8874, 8873, 8872, 8869, 8867, 8866, 8865, 8864, 8862, 8861, 8860, 8855, 8854, 8849, 8848, 8847, 8846]	{'CLA Signed'}
/FONZACUS/Cataclysm-DDA/	[1756, 1]	{'PR: unreviewed', ':arrow_heading_down: pull'}
/freeorion/freeorion/	[3582, 3581, 3580, 3579, 3578, 3577, 3576, 3575, 3571, 3565, 3564, 3561, 3555, 3549, 3540, 3536, 3528, 3527, 3524, 3523, 3517, 3512, 3510, 3499, 3495, 3494, 3492, 3477, 3461, 3452]	set()
/fritzing/fritzing-app/	[3890, 3887, 3886, 3885, 3880, 3878, 3873, 3871, 3870, 3868, 3867, 3866, 3865, 3864, 3863, 3856, 3853, 3851, 3850, 3849, 3847, 3844, 3841, 3837, 3834, 3831, 3830, 3827, 3826, 3825]	set()
/GEOSX/GEOSX/	[1646, 1643, 1642, 1640, 1638, 1637, 1636, 1632, 1624, 1623, 1622, 1619, 1613, 1607, 1604, 1603, 1600, 1570, 1564, 1549, 1548, 1547, 1533, 1531, 1525, 1520, 1508, 1506, 1505, 1491]	set()
/giuspen/cherrytree/	[1832, 1831, 1830, 1829, 1828, 1827, 1825, 1824, 1823, 1822, 1821, 1815, 1814, 1813, 1808, 1805, 1804, 1802, 1799, 1798, 1797, 1794, 1789, 1788, 1786, 1783, 1777, 1776, 1772, 1771]	set()
/glotzerlab/hoomd-blue/	[1156, 1155, 1154, 1153, 1152, 1151, 1147, 1139, 1138, 1136, 1110, 1108, 1106, 1101, 1094, 1078, 1074, 1070, 1067, 1063, 1056, 1050, 1047, 1032, 1026, 1020, 1017, 1004, 992, 989]	{'validate'}
/Godlike/Unicorn/	[121, 120, 111, 97]	{'bug', 'on review'}
/godotengine/godot/	[53939, 53938, 53937, 53936, 53935, 53933, 53932, 53931, 53930, 53929, 53928, 53927, 53926, 53925, 53924, 53923, 53922, 53921, 53920, 53919, 53918, 53915, 53914, 53913, 53912, 53910, 53909, 53908, 53907, 53905]	{'breaks compat', 'topic:gui', 'platform:macos', 'topic:3d', 'confirmed', 'topic:assetlib', 'topic:shaders', 'topic:network', 'topic:physics', 'crash', 'documentation', 'hacktoberfest', 'regression', 'topic:gdnative', 'platform:android', 'topic:plugin', 'platform:windows', 'platform:linuxbsd', 'topic:buildsystem', 'topic:editor', 'usability', 'enhancement', 'topic:core', 'topic:mono', 'platform:ios', 'topic:porting', 'topic:animation', 'topic:rendering', 'topic:input', 'topic:2d', 'topic:thirdparty', 'bug', 'needs testing', 'cherrypick:3.x'}
/golangtokyo/shoten8/	[25, 24, 23, 22, 21]	{'dependencies'}
/gonetz/GLideN64/	[2592, 2589, 2588, 2586, 2582, 2581, 2580, 2579, 2578, 2576, 2572, 2571, 2570, 2569, 2567, 2563, 2551, 2548, 2542, 2538, 2536, 2525, 2519, 2518, 2513, 2508, 2507, 2504, 2503, 2502]	set()
/google/certificate-transparency/	[1475, 1474, 1473, 1472, 1470, 1430, 1421, 1416, 1411, 1407, 1388, 1385, 1364, 1351, 1317, 1276, 1257, 1256, 1255, 1254, 1247, 1243, 1167, 1152, 1128, 1114, 1109, 1101, 1091, 1090]	set()
/google/orbit/	[2899, 2898, 2897, 2896, 2895, 2893, 2891, 2887, 2879, 2853, 2829, 2802, 2752, 2729, 2715, 2689, 2656, 2502, 2415, 2266, 2204, 2153, 2136, 2134, 2133, 2128, 1756, 1746, 1608, 1281]	set()
/google/shaderc/	[1218, 1217, 1212, 1210, 1207, 1203, 1201, 1200, 1199, 1192, 1188, 1180, 1179, 1178, 1177, 1176, 1162, 1155, 1149, 1128, 1126, 1125, 1113, 1112, 1088, 1066, 1065, 1063, 1053, 1045]	set()
/GPUOpen-LibrariesAndSDKs/RadeonProRender-Baikal/	[212, 211, 210, 209, 208, 207, 206, 205, 204, 203, 201, 199, 193, 190, 187, 186, 184, 183, 181, 172, 170, 158, 155, 148, 141, 134, 128, 88, 73, 50]	set()
/GridTools/gridtools/	[1648, 1643, 1631, 1615, 1591, 1576, 1559, 1557, 1551, 1522, 1467, 1461, 1459, 1345, 1236, 920, 782]	set()
/grpc/grpc/	[27753, 27752, 27751, 27750, 27748, 27747, 27745, 27744, 27743, 27742, 27740, 27739, 27737, 27735, 27734, 27733, 27732, 27730, 27729, 27727, 27723, 27722, 27720, 27719, 27718, 27715, 27714, 27712, 27711, 27709]	{'release notes: no', 'priority/P2', 'platform/iOS', 'lang/ObjC', 'lang/c++', 'kind/internal cleanup', 'kokoro:run', 'lang/core', 'kind/bug'}
/gwsystems/composite/	[428, 427, 426, 421, 420, 418, 417, 416, 415, 413, 410, 408, 407, 406, 402, 387, 385, 381, 379, 378, 377, 376, 375, 374, 373, 370, 369, 368, 364, 363]	set()
/hpcc-systems/HPCC-Platform/	[15485, 15484, 15483, 15479, 15470, 15468, 15466, 15463, 15462, 15457, 15455, 15450, 15443, 15440, 15426, 15404, 15398, 15395, 15392, 15385, 15365, 15238, 15231, 15204, 15199, 15182, 15135, 15073, 14977, 14868]	set()
/hughperkins/DeepCL/	[154, 153, 151, 149, 148, 147, 146, 145, 144, 143, 142, 128, 127, 126, 121, 119, 118, 117, 115, 113, 110, 109, 107, 105, 104, 101, 97, 84, 82, 61]	set()
/hyperion-project/hyperion.ng/	[1359, 1355, 1352, 1350, 1348, 1347, 1338, 1329, 1320, 1304, 1302, 1301, 1282, 1281, 1251, 1247, 1231, 1217, 1179, 1161, 1148, 1145, 1142, 1137, 1132, 1130, 1107, 1099, 1096, 1092]	set()
/hyrise/hyrise/	[2413, 2412, 2411, 2407, 2393, 2392, 2391, 2390, 2389, 2379, 2369, 2367, 2364, 2358, 2352, 2348, 2334, 2314, 2303, 2301, 2299, 2291, 2286, 2278, 2274, 2271, 2240, 2222, 2219, 2207]	{'Feature', 'Bug', 'FullCI'}
/idaholab/moose/	[19126, 19124, 19121, 19120, 19119, 19118, 19116, 19115, 19114, 19113, 19109, 19108, 19107, 19106, 19105, 19104, 19103, 19102, 19100, 19099, 19098, 19092, 19091, 19089, 19082, 19081, 19080, 19078, 19074, 19073]	{'P: normal', 'T: defect'}
/idaholab/raven/	[1681, 1680, 1679, 1677, 1676, 1668, 1667, 1660, 1659, 1658, 1657, 1656, 1653, 1651, 1650, 1647, 1646, 1645, 1642, 1641, 1640, 1634, 1633, 1632, 1619, 1618, 1617, 1615, 1614, 1612]	{'Do Not Merge', 'priority_minor', 'priority_normal', 'good first issue', 'RAVENv3.0', 'ROOK', 'devel', 'task', 'defect'}
/Intel-Media-SDK/MediaSDK/	[2810, 2805, 2803, 2800, 2799, 2798, 2795, 2793, 2792, 2790, 2786, 2784, 2783, 2779, 2778, 2773, 2768, 2766, 2757, 2753, 2747, 2746, 2745, 2726, 2718, 2697, 2696, 2690, 2688, 2684]	{'vpp'}
/intel/parameter-framework/	[409, 408, 407, 406, 405, 400, 399, 398, 397, 396, 395, 394, 390, 388, 381, 378, 377, 372, 366, 341, 339, 338, 332, 311, 207, 180, 153, 110, 109, 107]	set()
/IntelRealSense/librealsense/	[9865, 9864, 9862, 9861, 9860, 9859, 9858, 9857, 9856, 9853, 9852, 9851, 9848, 9846, 9843, 9842, 9841, 9839, 9838, 9837, 9836, 9833, 9832, 9829, 9826, 9823, 9822, 9819, 9818, 9816]	set()
/isl-org/Open3D/	[4173, 4172, 4170, 4167, 4164, 4163, 4162, 4159, 4158, 4157, 4156, 4154, 4153, 4152, 4149, 4146, 4142, 4132, 4130, 4129, 4125, 4120, 4116, 4115, 4113, 4112, 4109, 4106, 4104, 4097]	set()
/jwise/HoRNDIS/	[143, 142, 141, 140, 139, 138, 137, 136, 135, 133, 132, 131, 130, 129, 128, 126, 123, 122, 117, 116, 115, 114, 112, 111, 110, 109, 108, 107, 105, 104]	set()
/kenygia/xy-vsfilter/	[152, 151, 149, 148, 147, 146, 145, 144, 143, 141, 138, 137, 135, 134, 133, 132, 131, 130, 119, 114, 110, 108, 105, 103, 97, 93, 90, 88, 87, 86]	{'Component-Scripts', 'auto-migrated', 'Type-Defect', 'Type-Enhancement', 'Type-Other', 'Priority-High', 'Priority-Medium', 'Priority-Low'}
/KhronosGroup/SPIRV-Tools/	[4582, 4581, 4580, 4579, 4574, 4572, 4569, 4565, 4554, 4549, 4545, 4542, 4541, 4540, 4539, 4538, 4537, 4532, 4528, 4527, 4509, 4508, 4494, 4490, 4487, 4486, 4485, 4484, 4483, 4481]	set()
/KhronosGroup/Vulkan-ValidationLayers/	[3447, 3446, 3445, 3444, 3443, 3442, 3441, 3439, 3438, 3437, 3436, 3434, 3432, 3431, 3429, 3427, 3426, 3425, 3421, 3417, 3416, 3411, 3410, 3408, 3406, 3400, 3396, 3395, 3392, 3389]	set()
/Kitware/kwiver/	[1423, 1422, 1419, 1412, 1397, 1390, 1377, 1370, 1366, 1365, 1354, 1352, 1327, 1321, 1318, 1313, 1312, 1308, 1307, 1305, 1304, 1303, 1300, 1298, 1297, 1292, 1283, 1277, 1276, 1273]	set()
/Klipper3d/klipper/	[4812, 4810, 4809, 4807, 4805, 4804, 4802, 4796, 4794, 4791, 4789, 4785, 4783, 4781, 4780, 4779, 4772, 4769, 4768, 4767, 4764, 4754, 4751, 4749, 4744, 4741, 4738, 4737, 4735, 4728]	set()
/KratosMultiphysics/Kratos/	[9219, 9217, 9216, 9215, 9214, 9213, 9211, 9209, 9201, 9197, 9196, 9193, 9191, 9189, 9175, 9173, 9170, 9166, 9162, 9161, 9160, 9158, 9150, 9147, 9144, 9143, 9141, 9139, 9137, 9130]	{'Cleanup'}
/lanl/parthenon/	[604, 603, 602, 601, 600, 599, 597, 596, 593, 591, 590, 589, 586, 584, 576, 574, 568, 567, 566, 562, 548, 547, 546, 542, 541, 540, 534, 533, 529, 516]	set()
/leela-zero/leela-zero/	[2643, 2640, 2638, 2631, 2630, 2627, 2625, 2624, 2622, 2621, 2620, 2618, 2616, 2613, 2610, 2609, 2608, 2607, 2606, 2604, 2603, 2602, 2601, 2600, 2594, 2593, 2591, 2590, 2586, 2585]	set()
/LinoBarreca/Marlin/	[]	set()
/LLNL/lbann/	[1986, 1985, 1984, 1983, 1980, 1976, 1961, 1959, 1956, 1952, 1893, 1884, 1881, 1857, 1850, 1847, 1844, 1816, 1806, 1777, 1770, 1755, 1741, 1737, 1683, 1677, 1667, 1666, 1662, 1659]	{'application', 'review requested', 'bug', 'do_not_merge'}
/LMMS/lmms/	[6198, 6197, 6196, 6194, 6192, 6191, 6190, 6189, 6188, 6187, 6186, 6185, 6183, 6181, 6179, 6177, 6174, 6173, 6171, 6170, 6169, 6167, 6166, 6163, 6162, 6161, 6160, 6159, 6156, 6155]	set()
/LogosNetwork/logos-core/	[]	set()
/lsst/afw/	[612, 610, 602, 583, 565, 552, 517, 516, 514, 384]	set()
/lsst/qserv/	[646, 645, 617, 572, 569, 508, 470, 435, 426]	set()
/mantidproject/mantid/	[32787, 32786, 32785, 32784, 32783, 32782, 32781, 32780, 32779, 32778, 32777, 32775, 32774, 32773, 32772, 32771, 32770, 32767, 32766, 32765, 32764, 32763, 32762, 32761, 32760, 32759, 32758, 32757, 32756, 32755]	set()
/mapcrafter/mapcrafter/	[388, 387, 384, 383, 382, 378, 376, 372, 370, 368, 366, 365, 362, 361, 360, 358, 357, 355, 354, 353, 350, 349, 346, 344, 343, 342, 340, 334, 332, 326]	{'Minecraft 1.17', 'Stale', 'Questions', 'Bug', 'Docker container', 'Technical debt', 'Performance', 'Minecraft 1.13', 'Feature Request', 'Unverified', 'Minecraft 1.15', 'good first issue', 'Refactoring', 'Ready for review', 'Minecraft 1.16', 'Low priority', 'Web UI', 'Documentation'}
/mapsme/omim/	[14180, 14179, 14178, 14177, 14176, 14175, 14174, 14173, 14172, 14171, 14170, 14169, 14168, 14167, 14166, 14163, 14161, 14160, 14157, 14155, 14154, 14148, 14129, 14117, 14114, 14111, 14103, 14102, 14094, 14093]	set()
/MarlinFirmware/Marlin/	[22974, 22972, 22971, 22969, 22968, 22967, 22965, 22964, 22963, 22962, 22958, 22957, 22956, 22955, 22953, 22952, 22951, 22948, 22946, 22943, 22942, 22941, 22940, 22935, 22934, 22932, 22923, 22921, 22920, 22916]	{'T: Feature Request', 'C: Boards/Pins', 'A: ESP32'}
/MaslowCNC/Firmware/	[548, 546, 538, 537, 533, 531, 525, 523, 520, 517, 509, 508, 506, 504, 488, 470, 466, 462, 461, 457, 437, 431, 415, 407, 398, 378, 360, 359, 358, 357]	set()
/meganz/sdk/	[2590, 2587, 2585, 2584, 2583, 2582, 2581, 2580, 2579, 2578, 2577, 2576, 2575, 2574, 2573, 2571, 2472, 2464, 2348, 2325, 2316, 2302, 2299, 2256, 2183, 2182, 2089, 2053, 1976, 1948]	set()
/mfem/mfem/	[2612, 2611, 2610, 2607, 2605, 2604, 2603, 2602, 2600, 2599, 2598, 2596, 2593, 2592, 2588, 2584, 2583, 2582, 2581, 2574, 2571, 2570, 2569, 2568, 2564, 2559, 2550, 2542, 2538, 2535]	{'building', 'usage', 'question', 'mesh', 'minor', 'examples & miniapps', 'in-review', 'enhancement', 'general', 'bug', 'ready-for-review', 'GPU', 'linalg'}
/microsoft/LightGBM/	[4692, 4691, 4690, 4688, 4687, 4686, 4685, 4682, 4681, 4680, 4679, 4678, 4677, 4676, 4674, 4673, 4672, 4670, 4667, 4665, 4661, 4659, 4658, 4657, 4652, 4647, 4634, 4631, 4630, 4627]	set()
/microsoft/react-native-windows/	[8845, 8843, 8836, 8824, 8810, 8804, 8803, 8801, 8800, 8799, 8786, 8781, 8772, 8760, 8758, 8755, 8750, 8740, 8734, 8733, 8732, 8729, 8726, 8725, 8724, 8723, 8722, 8712, 8708, 8701]	set()
/microsoft/STL/	[2282, 2280, 2278, 2277, 2276, 2275, 2273, 2272, 2271, 2270, 2269, 2268, 2267, 2266, 2264, 2263, 2262, 2261, 2260, 2259, 2258, 2257, 2256, 2255, 2254, 2253, 2252, 2251, 2250, 2249]	{'question', 'cxx20', 'LWG', 'infrastructure', 'enhancement', 'ranges', 'meta', 'format', 'chrono', 'bug', 'announcement', 'performance', 'cxx23', 'good first issue', 'defect report'}
/microsoft/terminal/	[11522, 11521, 11520, 11519, 11518, 11517, 11514, 11511, 11510, 11509, 11508, 11504, 11502, 11498, 11494, 11493, 11492, 11489, 11487, 11486, 11482, 11479, 11478, 11477, 11474, 11473, 11471, 11470, 11467, 11463]	{'Needs-Tag-Fix', 'Needs-Triage'}
/minetest/minetest/	[11701, 11700, 11699, 11698, 11697, 11696, 11695, 11694, 11692, 11690, 11689, 11687, 11686, 11685, 11684, 11683, 11679, 11677, 11676, 11674, 11670, 11669, 11667, 11665, 11664, 11663, 11662, 11661, 11660, 11656]	{'One approval', 'Unconfirmed bug', '@ Client / Audiovisuals', 'Bugfix', 'Feature', 'Feature request', 'Maintenance', 'Android', '@ Client rendering engine', '@ Build', 'Low priority'}
/mixxxdj/mixxx/	[4454, 4452, 4448, 4432, 4431, 4426, 4411, 4369, 4366, 4363, 4361, 4359, 4355, 4354, 4341, 4337, 4334, 4330, 4328, 4323, 4318, 4311, 4310, 4307, 4301, 4271, 4255, 4227, 4177, 4171]	set()
/mlpack/mlboard/	[17, 16, 14, 11, 8]	set()
/mlpack/mlpack/	[3077, 3076, 3075, 3074, 3073, 3072, 3070, 3066, 3064, 3063, 3059, 3058, 3057, 3055, 3054, 3053, 3050, 3049, 3046, 3044, 3030, 3029, 3020, 3010, 3007, 3006, 2990, 2982, 2973, 2963]	{'update dependencies', 's: stale', 't: bugfix', 'c: methods', 's: unanswered', 'c: core', 't: question', 's: unlabeled', 'c: binding', 'c: automatic bindings', 'c: build system', 'c: documentation', 't: added feature', 's: keep open', 's: needs review', 'good first issue', 'help wanted', 't: bug report'}
/monero-project/monero/	[8007, 8006, 8005, 8004, 8003, 8002, 8001, 8000, 7999, 7998, 7997, 7996, 7995, 7994, 7993, 7986, 7982, 7980, 7979, 7977, 7971, 7970, 7969, 7966, 7965, 7963, 7955, 7953, 7947, 7944]	set()
/mongoose-os-apps/shelly-homekit/	[809, 806, 803, 802, 797, 795, 793, 792, 786, 785, 784, 779, 769, 768, 766, 762, 760, 749, 737, 727, 723, 719, 714, 713, 707, 705, 692, 686, 681, 680]	{'waiting for OP reply'}
/mtdev2/QGIS/	[29, 28, 27, 26, 22, 16]	{':arrow_heading_down: pull', 'dependencies'}
/mumble-voip/mumble/	[5285, 5284, 5282, 5281, 5280, 5279, 5278, 5277, 5271, 5270, 5269, 5268, 5264, 5261, 5257, 5256, 5247, 5238, 5237, 5217, 5214, 5154, 5145, 5119, 5099, 5091, 5078, 5076, 5070, 5039]	{'feature-request', 'client', 'ui', 'build', 'windows', 'good first issue', 'support'}
/musescore/MuseScore/	[9487, 9485, 9484, 9483, 9482, 9481, 9480, 9479, 9476, 9474, 9473, 9472, 9471, 9470, 9469, 9468, 9467, 9465, 9464, 9462, 9460, 9459, 9458, 9455, 9451, 9449, 9448, 9447, 9446, 9445]	set()
/mysensors/MySensors/	[1508, 1507, 1505, 1504, 1501, 1500, 1499, 1497, 1496, 1492, 1491, 1490, 1488, 1487, 1486, 1484, 1483, 1482, 1480, 1479, 1478, 1477, 1476, 1475, 1473, 1472, 1471, 1467, 1466, 1465]	set()
/NebbieArcane/Server/	[436, 435, 434, 433, 432, 431, 430, 429, 428, 425, 424, 423, 422, 421, 420, 419, 418, 416, 415, 405, 404, 403, 402, 400, 399, 398, 397, 396, 394, 393]	{'Bot'}
/nest/nest-simulator/	[2186, 2185, 2184, 2183, 2182, 2181, 2180, 2179, 2177, 2175, 2174, 2173, 2170, 2168, 2167, 2166, 2165, 2161, 2154, 2153, 2152, 2149, 2147, 2146, 2138, 2135, 2134, 2123, 2116, 2113]	set()
/neuronsimulator/nrn/	[1505, 1504, 1503, 1501, 1500, 1499, 1497, 1495, 1494, 1493, 1492, 1483, 1479, 1472, 1470, 1469, 1465, 1462, 1461, 1457, 1456, 1455, 1452, 1450, 1436, 1427, 1425, 1403, 1401, 1393]	{'question', 'proposal', 'enhancement'}
/nextcloud/desktop/	[3899, 3898, 3896, 3894, 3893, 3892, 3891, 3890, 3889, 3887, 3885, 3881, 3877, 3875, 3874, 3873, 3872, 3869, 3868, 3867, 3865, 3863, 3860, 3858, 3854, 3853, 3852, 3849, 3848, 3847]	{'bug'}
/ngageoint/six-library/	[442, 438, 352, 351, 347, 345, 344, 335]	set()
/NinaRanns/bde/	[6]	set()
/NixOS/nix/	[5401, 5400, 5399, 5398, 5395, 5394, 5393, 5392, 5391, 5387, 5386, 5385, 5384, 5382, 5380, 5377, 5376, 5374, 5373, 5367, 5366, 5365, 5364, 5363, 5360, 5352, 5345, 5342, 5337, 5336]	{'bug'}
/njoy/GNDStk/	[56, 55, 54, 32, 31, 11, 10]	set()
/njzjz/tensorflow/	[1908, 1137, 1136, 3, 2, 1]	{'dependencies', 'size/XS', 'size/M', 'PR: unreviewed', 'python'}
/NREL/EnergyPlus/	[9139, 9138, 9137, 9136, 9135, 9134, 9132, 9131, 9130, 9129, 9125, 9124, 9123, 9122, 9121, 9119, 9118, 9117, 9116, 9115, 9113, 9112, 9111, 9110, 9108, 9107, 9106, 9105, 9104, 9103]	{'Defect'}
/nRF24/RF24Log/	[19, 17, 16, 14, 4]	set()
/NVIDIA/DALI/	[3433, 3432, 3429, 3428, 3426, 3425, 3424, 3422, 3421, 3419, 3418, 3409, 3397, 3396, 3387, 3346, 3314, 3312, 3303, 3293, 3285, 3275, 3262, 3261, 3260, 3251, 3228, 3227, 3222, 3219]	set()
/onnx/onnx/	[3780, 3778, 3776, 3774, 3773, 3772, 3771, 3768, 3766, 3764, 3761, 3760, 3756, 3750, 3748, 3747, 3746, 3745, 3744, 3742, 3741, 3740, 3739, 3735, 3734, 3733, 3728, 3727, 3724, 3722]	{'documentation', 'build pipelines'}
/opencv/opencv/	[20891, 20890, 20889, 20888, 20887, 20883, 20882, 20881, 20880, 20878, 20877, 20876, 20875, 20874, 20873, 20870, 20869, 20866, 20865, 20864, 20862, 20857, 20856, 20855, 20854, 20853, 20850, 20849, 20843, 20836]	set()
/OpenMS/OpenMS/	[5595, 5594, 5591, 5590, 5589, 5587, 5582, 5580, 5579, 5577, 5574, 5571, 5569, 5568, 5567, 5566, 5563, 5553, 5552, 5550, 5547, 5546, 5541, 5539, 5534, 5531, 5530, 5526, 5525, 5523]	set()
/OpenMW/openmw/	[3179, 3178, 3176, 3171, 3159, 3157, 3139, 3115, 3113, 3112, 3105]	set()
/openstreetmap/osm2pgsql/	[1574, 1570, 1566, 1565, 1564, 1539, 1502, 1501, 1466, 1386, 1384, 1357, 1323, 1311, 1284, 1248, 1170, 1164, 1130, 1086, 1085, 1046, 1010, 984, 799, 796, 776, 775, 709, 692]	set()
/OpenTechEngine/OpenTechBFG/	[147, 146, 145, 140, 138, 137, 129, 108, 101, 100, 99, 94, 85, 82, 76, 75, 73, 66, 63, 62, 61, 58, 55, 53, 50, 49, 46, 45, 43, 41]	set()
/openthread/openthread/	[7077, 7076, 7075, 7074, 7073, 7072, 7071, 7069, 7068, 7067, 7060, 7057, 7054, 7053, 7051, 7043, 7041, 7040, 7039, 7032, 7013, 7010, 6991, 6987, 6981, 6979, 6975, 6970, 6962, 6954]	{'comp: otci', 'question', 'cla: yes', 'certification', 'comp: meshcop', 'comp: mle', 'enhancement', 'api: user', 'continuous-integration', 'bug', 'platform: posix', 'P3', 'P4', 'security', 'Thread 1.2'}
/openthread/ot-br-posix/	[1048, 1047, 1044, 1042, 1036, 1035, 1031, 1030, 1028, 1022, 1021, 991, 974, 958, 951, 905, 901, 892, 885, 865, 855, 823, 810, 773, 765, 745, 736, 714, 660, 652]	{'cla: yes', 'platform: android', 'enhancement', 'P2', 'mdns'}
/opentoonz/opentoonz/	[4107, 4106, 4101, 4097, 4092, 4091, 4090, 4088, 4086, 4085, 4084, 4083, 4081, 4080, 4078, 4072, 4064, 4063, 4062, 4061, 4060, 4054, 4053, 4052, 4051, 4047, 4045, 4044, 4043, 4040]	{'feature request'}
/Open-Transactions/opentxs/	[1619, 1608]	set()
/opentx/opentx/	[8750, 8749, 8748, 8746, 8745, 8744, 8742, 8741, 8736, 8735, 8734, 8729, 8728, 8724, 8720, 8719, 8718, 8717, 8716, 8715, 8713, 8712, 8711, 8710, 8709, 8706, 8704, 8698, 8697, 8693]	{'Companion'}
/Others/composite/	[]	set()
/otland/forgottenserver/	[3742, 3741, 3740, 3739, 3738, 3737, 3736, 3735, 3734, 3733, 3732, 3731, 3730, 3726, 3725, 3723, 3722, 3720, 3717, 3716, 3713, 3712, 3705, 3703, 3702, 3700, 3699, 3698, 3697, 3694]	set()
/owncloud/client/	[9155, 9154, 9153, 9152, 9149, 9147, 9146, 9143, 9141, 9139, 9138, 9136, 9135, 9134, 9133, 9132, 9128, 9126, 9123, 9121, 9118, 9117, 9113, 9111, 9109, 9106, 9105, 9103, 9101, 9100]	set()
/PandoraPFA/LArContent/	[160, 157, 155, 149, 143, 141, 140, 130, 125]	set()
/pbek/QOwnNotes/	[2267, 2265, 2263, 2262, 2259, 2254, 2252, 2248, 2247, 2246, 2240, 2237, 2230, 2229, 2226, 2221, 2190, 2136, 2126, 2121, 2100, 2083, 2074, 2034, 2030, 2022, 1977, 1953, 1937, 1912]	set()
/PCSX2/pcsx2/	[4906, 4905, 4904, 4895, 4889, 4886, 4880, 4879, 4875, 4870, 4858, 4851, 4849, 4847, 4826, 4825, 4823, 4817, 4816, 4815, 4813, 4809, 4808, 4804, 4793, 4787, 4781, 4773, 4772, 4771]	{'Core', 'GUI/WX', 'TAS Functionality', 'PAD: Windows', 'Bug', 'Trivial', 'Build | Project System', 'GS', 'GS: OpenGL', 'Dependencies', 'CDVD', 'SPU2', 'GS: Direct3D', 'GS: Hardware', 'Voodoo', 'PAD: Linux/Mac', 'GS: Texture Cache', 'DEV9', 'Enhancement / Feature Request', 'USB', 'Timing', 'Meta Issue'}
/percona/PerconaFT/	[451, 450, 447, 446, 445, 444, 443, 433, 425, 421, 410, 409, 406, 396, 387, 385, 383, 377, 343, 339, 331, 325, 280, 276, 52]	set()
/percona/percona-server/	[4496, 4495, 4493, 4492, 4489, 4487, 4486, 4485, 4484, 4482, 4474, 4472, 4468, 4467, 4463, 4462, 4460, 4459, 4458, 4457, 4456, 4447, 4446, 4445, 4444, 4440, 4429, 4428, 4421, 4419]	set()
/pesor/TTGO-T-HIGrow/	[27, 25, 23, 22, 21, 20, 19, 18, 16, 15, 13, 12, 10, 9]	set()
/PFCal-dev/cmssw/	[499, 472, 411, 322, 321, 44]	set()
/PGSStas/techvscats/	[148, 147, 146, 145, 144, 143, 142, 140, 139, 138, 137, 136, 135, 134, 133, 132, 131, 130, 129, 128, 127, 126, 125, 124, 123, 122, 121, 120, 119, 118]	set()
/PHAREHUB/PHARE/	[602, 600, 598, 592, 591, 590, 580, 577, 574, 569, 563, 558, 556, 553, 547, 543, 541, 540, 538, 534, 527, 526, 525, 516, 515, 511, 496, 491, 487, 479]	set()
/pivotalsoftware/quickstep/	[295, 294, 293, 292, 291, 290, 289, 288, 287, 286, 285, 284, 283, 282, 281, 280, 279, 278, 277, 276, 275, 274, 273, 272, 271, 270, 269, 268, 267, 266]	set()
/PointCloudLibrary/pcl/	[4983, 4982, 4980, 4979, 4978, 4977, 4974, 4973, 4971, 4970, 4969, 4967, 4965, 4964, 4962, 4960, 4959, 4958, 4957, 4955, 4954, 4950, 4948, 4945, 4943, 4941, 4940, 4939, 4933, 4927]	{'module: common', 'status: triage', 'changelog: fix'}
/project-chip/connectedhomeip/	[10601, 10600, 10599, 10598, 10596, 10595, 10594, 10593, 10592, 10590, 10589, 10586, 10584, 10582, 10581, 10579, 10578, 10577, 10576, 10575, 10574, 10573, 10571, 10570, 10568, 10567, 10566, 10565, 10564, 10561]	{'app', 'Interaction Model Work', 'crypto', 'review - pending', 'platform'}
/Project-OSRM/osrm-backend/	[6149, 6148, 6147, 6145, 6143, 6142, 6140, 6135, 6133, 6130, 6126, 6125, 6117, 6116, 6115, 6114, 6110, 6109, 6108, 6107, 6100, 6099, 6096, 6094, 6093, 6092, 6089, 6088, 6087, 6086]	set()
/prusa3d/Prusa-Firmware/	[3294, 3293, 3292, 3291, 3290, 3289, 3287, 3286, 3285, 3284, 3283, 3282, 3281, 3280, 3279, 3278, 3277, 3276, 3275, 3274, 3272, 3271, 3270, 3269, 3268, 3264, 3263, 3262, 3260, 3257]	{'feature request', 'bug'}
/ptitSeb/Barony/	[]	set()
/puuu/MQTT433gateway/	[72, 71, 70, 69, 68, 67, 66, 64, 63, 62, 61, 58, 57, 56, 54, 53, 49, 48, 46, 40, 36, 35, 34, 32, 25, 12, 5]	{'dependencies'}
/pytorch/glow/	[5848, 5847, 5846, 5832, 5830, 5828, 5823, 5822, 5816, 5800, 5795, 5782, 5781, 5780, 5779, 5777, 5768, 5763, 5760, 5753, 5750, 5749, 5745, 5738, 5729, 5724, 5715, 5709, 5704, 5687]	{'CLA Signed', 'fb-exported'}
/pytorch/pytorch/	[66771, 66770, 66768, 66767, 66766, 66765, 66764, 66763, 66762, 66760, 66759, 66757, 66756, 66755, 66754, 66753, 66751, 66750, 66749, 66747, 66746, 66745, 66744, 66743, 66742, 66741, 66740, 66739, 66738, 66737]	{'open source', 'ciflow/default', 'cla signed'}
/qbittorrent/qBittorrent/	[15586, 15585, 15584, 15581, 15580, 15579, 15570, 15568, 15565, 15564, 15561, 15560, 15558, 15556, 15554, 15553, 15552, 15551, 15550, 15546, 15544, 15543, 15541, 15538, 15537, 15529, 15528, 15525, 15519, 15518]	{'Qt bugs', 'Core', 'Feature request', 'Performance', 'Libtorrent', 'Crash', 'Waiting Info', 'Look and Feel', 'OS: Linux', 'RSS', 'GUI', "Can't reproduce", 'Network', 'WebUI', 'WebAPI', 'Proxy/VPN', 'OS: Windows', 'Search engine'}
/qgis/QGIS/	[45539, 45538, 45536, 45535, 45534, 45532, 45531, 45530, 45527, 45522, 45521, 45520, 45519, 45516, 45506, 45505, 45504, 45498, 45496, 45494, 45493, 45491, 45490, 45485, 45482, 45480, 45478, 45474, 45470, 45468]	set()
/qreal/qreal/	[1868, 1803, 1802, 1793, 1792, 1775, 1758, 1749, 1734, 1732, 1717, 1716, 1712, 1711, 1701, 1700, 1699, 1698, 1697, 1696, 1692, 1685, 1681, 1667, 1630, 1607, 1588, 1587, 1586, 1585]	set()
/rapidsai/cudf/	[9458, 9457, 9456, 9454, 9452, 9451, 9450, 9448, 9447, 9446, 9445, 9444, 9443, 9442, 9441, 9439, 9434, 9432, 9430, 9426, 9425, 9424, 9423, 9422, 9419, 9415, 9414, 9413, 9411, 9410]	{'4 - Needs cuDF (Python) Reviewer', '0 - Backlog', 'cuIO', 'deprecation', 'question', 'CMake', 'non-breaking', 'libcudf blocker', '3 - Ready for Review', '2 - In Progress', 'conda', 'tests', 'cuDF (Java)', 'code quality', 'cuDF (Python)', 'Performance', 'feature request', 'improvement', 'numba', 'bug', 'strings', '? - Needs Triage', 'libcudf', 'Spark'}
/rathena/rathena/	[6321, 6319, 6318, 6314, 6313, 6312, 6311, 6308, 6305, 6304, 6303, 6301, 6300, 6299, 6297, 6285, 6282, 6281, 6280, 6277, 6274, 6273, 6271, 6268, 6266, 6263, 6238, 6230, 6222, 6212]	{'mode:renewal', 'component:core', 'type:bug', 'component:script', 'status:code-review'}
/ratschlab/metagraph/	[347, 336, 334, 329, 320, 319, 308, 307, 291, 271, 242, 226, 225, 197, 50]	set()
/RGF-team/rgf/	[293, 202, 167, 162, 109, 92]	{'help wanted'}
/Rice-Comp413-2016/RDFS/	[89, 77, 76, 73, 70, 68, 60, 58, 55, 54, 45, 44, 39]	set()
/ripple/rippled/	[3955, 3954, 3953, 3952, 3951, 3950, 3949, 3945, 3942, 3941, 3936, 3934, 3933, 3932, 3925, 3922, 3921, 3912, 3908, 3907, 3902, 3897, 3895, 3890, 3883, 3882, 3881, 3880, 3879, 3875]	set()
/root-project/root/	[9129, 9128, 9127, 9125, 9124, 9123, 9122, 9120, 9119, 9118, 9117, 9116, 9115, 9114, 9112, 9106, 9090, 9089, 9087, 9086, 9079, 9078, 9072, 9070, 9069, 9062, 9060, 9058, 9056, 9036]	set()
/ros2/rcl/	[943, 941, 936, 928, 923, 922, 921, 920, 918, 915, 914, 906, 901, 898, 888, 861, 860, 839, 807, 806, 740, 707, 687, 679, 643, 618, 563, 545, 533, 482]	set()
/ros2/rclcpp/	[1802, 1801, 1796, 1792, 1784, 1782, 1781, 1779, 1777, 1776, 1775, 1774, 1769, 1766, 1763, 1762, 1758, 1756, 1754, 1753, 1750, 1747, 1746, 1744, 1743, 1742, 1730, 1722, 1717, 1714]	set()
/ros2/rmw_fastrtps/	[565, 561, 560, 556, 555, 553, 542, 541, 538, 533, 531, 528, 522, 513, 510, 509, 507, 499, 468, 460, 454, 463, 418, 395, 392, 382, 356, 355, 352, 341]	set()
/ros-controls/ros2_control/	[554, 551, 550, 549, 548, 543, 541, 540, 538, 537, 536, 535, 531, 521, 519, 493, 490, 488, 475, 472, 463, 462, 458, 457, 452, 451, 450, 445, 442, 440]	{'help wanted', 'good first issue', 'enhancement'}
/ros-planning/moveit_grasps/	[103, 100, 98, 97, 96, 92, 91, 81, 79, 54, 34]	set()
/ros-planning/navigation2/	[2605, 2600, 2599, 2598, 2597, 2596, 2592, 2591, 2590, 2588, 2587, 2582, 2579, 2575, 2574, 2569, 2567, 2556, 2554, 2552, 2549, 2509, 2498, 2489, 2483, 2442, 2422, 2415, 2409, 2406]	set()
/rr-debugger/rr/	[2981, 2975, 2974, 2973, 2970, 2969, 2967, 2965, 2961, 2958, 2957, 2956, 2951, 2947, 2940, 2939, 2937, 2934, 2933, 2927, 2923, 2909, 2905, 2897, 2890, 2882, 2878, 2877, 2876, 2873]	set()
/sailfishos/sailfish-qtcreator/	[478, 476, 472, 447, 417, 394, 308, 297, 219, 212, 173, 164, 151, 148, 100, 71, 32]	set()
/scummvm/scummvm/	[3423, 3422, 3417, 3415, 3412, 3408, 3406, 3405, 3401, 3391, 3368, 3357, 3346, 3329, 3316, 3312, 3309, 3276, 3268, 3256, 3153, 3135, 3127, 3076, 2953, 2820, 2812, 2724, 2681, 2661]	set()
/scylladb/scylla/	[9488, 9487, 9486, 9485, 9484, 9483, 9482, 9481, 9479, 9478, 9477, 9476, 9475, 9474, 9473, 9472, 9471, 9470, 9469, 9468, 9465, 9462, 9460, 9458, 9457, 9456, 9455, 9454, 9453, 9452]	set()
/seladb/PcapPlusPlus/	[739, 737, 735, 731, 729, 723, 687, 671, 657, 652, 247, 234, 164, 100, 61]	set()
/seqan/seqan3/	[2861, 2860, 2859, 2857, 2856, 2855, 2853, 2847, 2845, 2844, 2841, 2840, 2833, 2832, 2770, 2769, 2767, 2764, 2755, 2753, 2752, 2745, 2735, 2695, 2685, 2675, 2674, 2643, 2497, 2436]	set()
/shogun-toolbox/shogun/	[5175, 5174, 5173, 5172, 5157, 5139, 5135, 5115, 5111, 5085, 5070, 5060, 5058, 5056, 5054, 5052, 5049, 5047, 5045, 5042, 5032, 5030, 5029, 5027, 5026, 5000, 4999, 4998, 4990, 4985]	set()
/siodb/siodb/	[198, 195, 192, 189, 187, 186, 184, 179, 178, 176, 174, 171, 168, 154, 152, 144, 130, 129, 122, 120, 87, 68, 50, 48, 46, 45, 44, 43, 42, 41]	{'type:improvement', 'status:inprogress', 'priority:critical', 'type:task', 'type:feature', 'type:bug', 'component:siocli', 'component:build', 'priority:major', 'component:iomgr', 'good first issue', 'priority:minor', 'component:common', 'component:rest_server', 'component:drivers'}
/smartdevicelink/sdl_core/	[3779, 3778, 3775, 3765, 3764, 3758, 3740, 3739, 3732, 3716, 3715, 3709, 3708, 3706, 3682, 3674, 3670, 3613, 3594, 3566, 3561, 3540, 3500, 3482, 3470, 3460, 3446, 3445, 3444, 3443]	{'enhancement'}
/soramitsu/kagome/	[960, 959, 954, 952, 950, 945, 944, 942, 940, 935, 931, 925, 920, 919, 916, 903, 881, 877, 875, 874, 868, 854, 846, 843, 830, 822, 809, 791, 781, 778]	set()
/spatialos/UnrealGDK/	[3325, 3324, 3320, 3317, 3288, 3287, 3286, 3269, 3263, 3261, 3258, 3252, 3251, 3242, 3236, 3223, 3189, 3173, 3166, 3119, 3100, 3049, 3048, 3022, 3013, 2997, 2996, 2995, 2983, 2976]	{'size/XL', 'size/XXL', 'size/XS', 'jira/UNR', 'known-issue', 'size/M', 'size/L', 'jira/no-ticket', 'do-not-merge/work-in-progress', 'size/S'}
/spatialos/UnrealGDKExampleProject/	[282, 194, 142]	{'size/XS', 'jira/UNR'}
/squid-cache/squid/	[913, 912, 911, 897, 895, 894, 893, 892, 880, 878, 876, 873, 870, 869, 865, 864, 857, 840, 837, 835, 832, 831, 830, 827, 823, 802, 792, 776, 774, 760]	set()
/sstsimulator/sst-core/	[740, 736, 734, 727, 721, 719, 716, 709, 708, 686, 685, 651, 649, 647, 642, 641, 637, 636, 631, 627, 626, 599, 593, 565, 527, 484, 463, 434, 409, 401]	set()
/stan-dev/math/	[2603, 2599, 2597, 2596, 2595, 2594, 2590, 2585, 2584, 2583, 2582, 2581, 2575, 2572, 2571, 2569, 2565, 2562, 2561, 2551, 2546, 2545, 2544, 2543, 2540, 2539, 2537, 2536, 2533, 2532]	set()
/supercollider/supercollider/	[5598, 5597, 5596, 5595, 5592, 5590, 5589, 5587, 5585, 5584, 5583, 5582, 5581, 5578, 5577, 5576, 5572, 5571, 5570, 5569, 5568, 5566, 5561, 5560, 5559, 5558, 5557, 5556, 5551, 5549]	{'os: macOS', 'bug', 'comp: Qt GUI', 'organizational', 'comp: class library', 'comp: sclang'}
/sxs-collaboration/spectre/	[3602, 3601, 3600, 3599, 3598, 3597, 3596, 3594, 3593, 3592, 3591, 3590, 3587, 3586, 3585, 3584, 3580, 3578, 3576, 3573, 3571, 3569, 3566, 3565, 3561, 3558, 3557, 3554, 3553, 3547]	set()
/symless/synergy-core/	[7107, 7106, 7105, 7103, 7102, 7093, 7087, 7086, 7079, 7073, 7071, 7069, 7067, 7065, 7062, 7059, 7054, 7053, 7051, 7050, 7045, 7042, 7034, 7025, 7021, 7019, 7002, 6995, 6991, 6986]	{'triage', 'bug', 'enhancement'}
/tarantool/xtm/	[7, 6]	{'bug', 'build', 'teamC'}
/tensorflow/tensorflow/	[52536, 52535, 52534, 52533, 52532, 52531, 52530, 52529, 52528, 52527, 52526, 52524, 52523, 52522, 52521, 52520, 52519, 52518, 52517, 52516, 52515, 52514, 52513, 52512, 52511, 52510, 52509, 52508, 52507, 52506]	{'type:bug', 'type:build/install', 'subtype:bazel', 'ready to pull', 'comp:keras', 'stat:awaiting response', 'type:docs-bug', 'TFLiteConverter', 'cla: yes', 'size:XS', 'type:feature', 'size:S', 'size:XL', 'TF 2.3', 'comp:apis', '2.6.0', 'size:M', 'size:L', 'type:others', 'awaiting review'}
/the-black-eagle/xbmc/	[2, 1]	set()
/TigerVNC/tigervnc/	[1357, 1356, 1355, 1354, 1352, 1351, 1340, 1339, 1337, 1334, 1333, 1330, 1327, 1323, 1319, 1317, 1316, 1309, 1308, 1303, 1283, 1233, 1232, 1229, 1226, 1218, 1211, 1202, 1195, 1194]	set()
/tjanczuk/edge/	[721, 720, 719, 718, 717, 714, 713, 712, 711, 710, 709, 707, 706, 705, 704, 703, 701, 700, 699, 698, 696, 695, 694, 691, 690, 689, 688, 687, 686, 684]	set()
/topjohnwu/Magisk/	[4778, 4777, 4776, 4772, 4760, 4759, 4751, 4750, 4745, 4737, 4734, 4733, 4731, 4730, 4728, 4726, 4719, 4717, 4703, 4681, 4667, 4656, 4655, 4642, 4638, 4633, 4632, 4624, 4614, 4613]	set()
/trilinos/Trilinos/	[9820, 9819, 9818, 9816, 9815, 9814, 9813, 9812, 9811, 9810, 9805, 9802, 9799, 9796, 9795, 9794, 9788, 9786, 9783, 9781, 9778, 9776, 9775, 9766, 9765, 9759, 9747, 9743, 9742, 9737]	set()
/TrinityCore/TrinityCore/	[27105, 27101, 27100, 27099, 27098, 27097, 27096, 27095, 27094, 27093, 27092, 27091, 27090, 27089, 27088, 27087, 27086, 27085, 27084, 27083, 27082, 27081, 27080, 27079, 27075, 27073, 27072, 27050, 27048, 27043]	{'Priority-FutureFeatureRequest', 'Branch-master', 'Sub-Spells', 'Comp-C++Script', 'Feedback-PatchFix', 'Comp-Database', 'Comp-Core', 'Branch-3.3.5a', 'Sub-GameObject'}
/ttiagojm/Clevit/	[108, 95, 94, 92, 91, 65, 17, 11]	set()
/UBC-Thunderbots/Software/	[2299, 2298, 2297, 2296, 2295, 2294, 2293, 2292, 2291, 2289, 2288, 2286, 2284, 2283, 2282, 2280, 2279, 2278, 2277, 2276, 2274, 2272, 2266, 2261, 2260, 2259, 2258, 2257, 2256, 2255]	{'Difficulty - 13', 'Difficulty - 7', 'Bug'}
/UCL/STIR/	[944, 943, 942, 940, 938, 929, 925, 924, 922, 920, 919, 918, 916, 912, 910, 909, 908, 907, 906, 905, 904, 903, 901, 897, 894, 889, 887, 886, 882, 871]	set()
/ufz/ogs/	[3016]	set()
/usgs/neic-glass3/	[75, 42, 41, 40, 38, 26, 6, 5]	set()
/ValveSoftware/halflife/	[3151, 3149, 3148, 3147, 3146, 3145, 3144, 3143, 3142, 3141, 3140, 3139, 3138, 3137, 3136, 3135, 3134, 3133, 3132, 3131, 3129, 3128, 3127, 3126, 3125, 3124, 3123, 3122, 3119, 3116]	{'Fix proposed', 'Steam Client', 'Half-Life', 'Linux', 'Windows', 'Condition Zero: Deleted Scenes', 'Counter-Strike', 'Need Retest', 'SDK', 'Day of Defeat', 'Half-Life:Opposing Force'}
/ValveSoftware/Proton/	[5227, 5225, 5223, 5220, 5218, 5214, 5213, 5211, 5210, 5206, 5203, 5202, 5201, 5200, 5198, 5197, 5196, 5195, 5194, 5192, 5191, 5189, 5188, 5187, 5185, 5184, 5177, 5176, 5173, 5171]	set()
/vergecurrency/verge/	[1085]	set()
/verilog-to-routing/vtr-verilog-to-routing/	[1883, 1881, 1879, 1878, 1877, 1876, 1873, 1870, 1868, 1867, 1866, 1865, 1863, 1861, 1860, 1859, 1858, 1852, 1846, 1839, 1834, 1831, 1826, 1825, 1824, 1822, 1808, 1803, 1797, 1790]	{'VPR', 'libarchfpga'}
/Wouter1/EMU-driver/	[136, 133, 131, 129, 128, 125, 122, 118, 115, 112, 109, 107, 105, 104, 102, 95, 81, 71, 63, 61, 52, 46, 45, 43, 41, 35, 34, 32, 24, 22]	set()
/x64dbg/x64dbg/	[2759, 2757, 2754, 2753, 2752, 2751, 2750, 2749, 2748, 2747, 2746, 2745, 2741, 2739, 2738, 2737, 2735, 2732, 2728, 2727, 2726, 2725, 2724, 2721, 2716, 2715, 2710, 2709, 2706, 2702]	{'bug', 'feature'}
/xapian/xapian/	[320, 315, 295, 294, 292, 289, 285, 278, 270, 258, 245, 235, 234, 230, 220, 210, 201, 200, 103, 87, 51]	set()
/xbmc/xbmc/	[20335, 20334, 20333, 20332, 20331, 20330, 20329, 20328, 20326, 20322, 20321, 20320, 20318, 20317, 20315, 20312, 20309, 20308, 20306, 20305, 20297, 20295, 20294, 20293, 20292, 20290, 20283, 20282, 20280, 20276]	{'v20 Nexus', 'Type: Feature', 'API change: Python', 'Component: Python'}
/XCSoar/XCSoar/	[752, 751, 749, 745, 743, 742, 740, 737, 736, 727, 707, 689, 747, 681, 676, 670, 668, 634, 625, 624, 620, 617, 616, 613, 612, 611, 610, 609, 603, 602]	set()
/zcash/zcash/	[5357, 5356, 5355, 5353, 5344, 5341, 5340, 5335, 5329, 5327, 5323, 5321, 5318, 5317, 5316, 5313, 5310, 5308, 5306, 5301, 5300, 5292, 5288, 5287, 5277, 5276, 5273, 5272, 5270, 5267]	set()
